MEMORY
  total           14536 KB
  struct            159 KB
  buffer             41 KB
  arena           14336 KB, used 0.4%

SIZES
  narena                14680064
  nbuffer               42032
  nplugin               0
  maxuse_stack          9624
  maxuse_arena          62928
  maxuse_con            12
  maxuse_efc            47
  ncon                  11
  ne                    0
  nf                    0
  nl                    3
  nefc                  41
  nJ                    1107
  nA                    0
  nisland               1
  nidof                 27
  ntree_awake           1
  nbody_awake           17
  nparent_awake         16
  nv_awake              27
  flg_energypos         0
  flg_energyvel         0
  flg_subtreevel        0
  flg_rnepost           0
  threadpool            0

TIMER
    0:  duration =  0          number = 0
    1:  duration =  1.2        number = 31
    2:  duration =  0          number = 0
    3:  duration =  0.74       number = 31
    4:  duration =  0.075      number = 31
    5:  duration =  0.019      number = 31
    6:  duration =  0.29       number = 31
    7:  duration =  0          number = 0
    8:  duration =  0.15       number = 31
    9:  duration =  0.096      number = 31
    10:  duration =  0.22       number = 31
    11:  duration =  0.26       number = 31
    12:  duration =  0.0012     number = 31
    13:  duration =  0.08       number = 31
    14:  duration =  0.13       number = 31

SOLVER STAT
  solver_fwdinv =   0         0       
  ISLAND 0
    solver_niter = 1
    solver_nnz = 729
      0:  improvement =  0.0051      gradient =  5.7e-16     lineslope =  7.8e-19 
          nactive = 36   nchange = 0   neval = 2   nupdate = 0

ENERGY =   0         0       

TIME =  16      

QPOS
   1.1     
   0.094   
   0.14    
   0.56    
  -0.11    
   0.79    
  -0.24    
   0.0008  
  -0.71    
  -0.11    
  -0.032   
  -0.14    
  -0.023   
  -0.71    
  -0.027   
  -0.053   
   0.18    
   0.15    
   0.24    
  -0.36    
  -0.024   
  -0.2     
   0.5     
   0.073   
  -1.8     
   0.74    
  -0.24    
  -1.8     

QVEL
   0.014   
  -0.011   
  -0.013   
   0.0028  
  -0.083   
   0.063   
  -0.013   
   0.2     
  -0.035   
   0.0037  
  -0.048   
  -0.091   
   0.035   
   0.039   
   0.044   
  -0.0057  
   0.12    
  -0.1     
   0.00073 
  -0.0025  
   0.063   
   0.016   
  -0.13    
  -0.00038 
   0.047   
  -0.075   
  -0.00049 

QACC_WARMSTART
  -0.13    
  -0.042   
   0.15    
  -0.23    
   0.59    
   1.8     
  -0.24    
  -1.8     
  -0.7     
  -0.25    
  -1.1     
   2       
   0.63    
  -0.26    
  -0.13    
   0.11    
   0.46    
   1.4     
  -0.067   
  -0.062   
   0.16    
  -0.88    
  -0.56    
   0.76    
  -0.25    
   0.73    
   0.98    

CTRL
   0       
   0       
   0       
   0       
   0       
   0       
   0       
   0       
   0       
   0       
   0       
   0       
   0       
   0       
   0       
   0       
   0       
   0       
   0       
   0       
   0       

QFRC_APPLIED
   0       
   0       
   0       
   0       
   0       
   0       
   0       
   0       
   0       
   0       
   0       
   0       
   0       
   0       
   0       
   0       
   0       
   0       
   0       
   0       
   0       
   0       
   0       
   0       
   0       
   0       
   0       

XFRC_APPLIED
   0         0         0         0         0         0       
   0         0         0         0         0         0       
   0         0         0         0         0         0       
   0         0         0         0         0         0       
   0         0         0         0         0         0       
   0         0         0         0         0         0       
   0         0         0         0         0         0       
   0         0         0         0         0         0       
   0         0         0         0         0         0       
   0         0         0         0         0         0       
   0         0         0         0         0         0       
   0         0         0         0         0         0       
   0         0         0         0         0         0       
   0         0         0         0         0         0       
   0         0         0         0         0         0       
   0         0         0         0         0         0       
   0         0         0         0         0         0       

QACC
  -0.072   
  -0.035   
   0.071   
  -0.11    
   0.38    
   1.1     
  -0.27    
  -1.1     
  -0.45    
  -0.15    
  -0.66    
   1.3     
   0.55    
  -0.097   
   0.055   
   0.005   
   0.07    
   0.97    
   0.14    
   0.036   
  -0.025   
  -0.59    
  -0.42    
   0.53    
  -0.11    
   0.45    
   0.61    

TREE_ASLEEP
  -11

XPOS
   0         0         0       
   1.1       0.094     0.14    
   1.3       0.046     0.09    
   0.9       0.14      0.18    
   0.74      0.12      0.12    
   0.71      0.025     0.16    
   0.33     -0.047     0.053   
  -0.036     0.037     0.15    
   0.71      0.2       0.06    
   0.31      0.12      0.064   
  -0.064     0.16      0.15    
   1.2      -0.068     0.21    
   0.87     -0.12      0.15    
   0.59     -0.17      0.04    
   1.2       0.23      0.04    
   0.9       0.28      0.055   
   0.59      0.3       0.04    

XQUAT
   1         0         0         0       
   0.56     -0.11      0.79     -0.24    
   0.56     -0.11      0.79     -0.24    
   0.8      -0.18      0.54     -0.18    
   0.79     -0.22      0.55     -0.16    
   0.78     -0.28      0.53     -0.2     
   0.55     -0.19      0.76     -0.28    
   0.55     -0.22      0.76     -0.27    
   0.68     -0.31      0.63     -0.2     
   0.56     -0.27      0.74     -0.26    
   0.6      -0.19      0.72     -0.29    
   0.54      0.12      0.76     -0.33    
  -0.25     -0.16      0.85     -0.44    
  -0.25     -0.16      0.85     -0.44    
   0.27     -0.27      0.92     -0.086   
  -0.28      0.38      0.88     -0.051   
  -0.28      0.38      0.88     -0.051   

XMAT
   1         0         0         0         1         0         0         0         1       
  -0.35      0.098     0.93     -0.43      0.87     -0.25     -0.83     -0.49     -0.26    
  -0.35      0.098     0.93     -0.43      0.87     -0.25     -0.83     -0.49     -0.26    
   0.34      0.098     0.93     -0.49      0.87      0.089    -0.8      -0.49      0.34    
   0.34     -0.0026    0.94     -0.49      0.85      0.18     -0.8      -0.52      0.29    
   0.36      0.016     0.93     -0.6       0.77      0.22     -0.71     -0.64      0.29    
  -0.33      0.016     0.94     -0.6       0.77     -0.22     -0.73     -0.64     -0.24    
  -0.3      -0.036     0.95     -0.63      0.76     -0.17     -0.72     -0.65     -0.25    
   0.13     -0.12      0.98     -0.67      0.72      0.18     -0.73     -0.68      0.02    
  -0.23     -0.12      0.97     -0.69      0.72     -0.074    -0.69     -0.68     -0.24    
  -0.2       0.081     0.98     -0.62      0.76     -0.19     -0.76     -0.65     -0.1     
  -0.39      0.55      0.74     -0.17      0.75     -0.64     -0.91     -0.37     -0.2     
  -0.83     -0.48     -0.29     -0.047     0.57     -0.82      0.56     -0.66     -0.49    
  -0.83     -0.48     -0.29     -0.047     0.57     -0.82      0.56     -0.66     -0.49    
  -0.71     -0.44      0.55     -0.53      0.84     -0.014    -0.45     -0.3      -0.84    
  -0.56      0.64     -0.53      0.69      0.71      0.12      0.45     -0.3      -0.84    
  -0.56      0.64     -0.53      0.69      0.71      0.12      0.45     -0.3      -0.84    

XIPOS
   0         0         0       
   1.1       0.11      0.15    
   1.3       0.046     0.09    
   0.9       0.14      0.18    
   0.74      0.13      0.14    
   0.55     -0.0087    0.11    
   0.19     -0.014     0.089   
  -0.046     0.015     0.12    
   0.54      0.16      0.06    
   0.17      0.13      0.1     
  -0.071     0.13      0.13    
   1        -0.091     0.18    
   0.73     -0.15      0.093   
   0.59     -0.17      0.04    
   1.1       0.25      0.046   
   0.75      0.29      0.047   
   0.59      0.3       0.04    

XIMAT
   1         0         0         0         1         0         0         0         1       
  -0.42      0.098     0.9      -0.41      0.87     -0.29     -0.81     -0.49     -0.33    
  -0.35      0.098     0.93     -0.43      0.87     -0.25     -0.83     -0.49     -0.26    
   0.34      0.93     -0.098    -0.49      0.089    -0.87     -0.8       0.34      0.49    
   0.34      0.94      0.0026   -0.49      0.18     -0.85     -0.8       0.29      0.52    
   0.36      0.044     0.93     -0.6       0.77      0.2      -0.71     -0.63      0.31    
  -0.33      0.016     0.94     -0.6       0.77     -0.22     -0.73     -0.64     -0.24    
   0.95      0.036    -0.3      -0.17     -0.76     -0.63     -0.25      0.65     -0.72    
   0.13     -0.14      0.98     -0.67      0.72      0.2      -0.73     -0.68     -4.5e-05 
  -0.23     -0.12      0.97     -0.69      0.72     -0.074    -0.69     -0.68     -0.24    
   0.98     -0.081    -0.2      -0.19     -0.76     -0.62     -0.1       0.65     -0.76    
   0.24     -0.08      0.97     -0.34      0.93      0.16     -0.91     -0.37      0.19    
   0.041     0.38      0.92     -0.93     -0.32      0.17      0.36     -0.87      0.34    
  -0.38     -0.041    -0.92      0.32      0.93     -0.17      0.87     -0.36     -0.34    
  -0.15      0.12      0.98     -0.61      0.77     -0.19     -0.78     -0.63     -0.047   
   0.076     0.00055   1         0.78      0.63     -0.06     -0.63      0.78      0.047   
   0.00055   0.076    -1         0.63      0.78      0.06      0.78     -0.63     -0.047   

XANCHOR
   1.1       0.094     0.14    
   0.96      0.15      0.2     
   0.96      0.15      0.2     
   0.84      0.14      0.15    
   0.71      0.025     0.16    
   0.71      0.025     0.16    
   0.71      0.025     0.16    
   0.35     -0.051     0.048   
   0.041     0.022     0.13    
   0.0026    0.03      0.14    
   0.71      0.2       0.06    
   0.71      0.2       0.06    
   0.71      0.2       0.06    
   0.33      0.12      0.059   
   0.014     0.15      0.14    
  -0.025     0.15      0.15    
   1.2      -0.068     0.21    
   1.2      -0.068     0.21    
   0.87     -0.12      0.15    
   1.2       0.23      0.04    
   1.2       0.23      0.04    
   0.9       0.28      0.055   

XAXIS
   0         0         1       
   0.93     -0.25     -0.26    
   0.098     0.87     -0.49    
   0.34     -0.49     -0.8     
   0.34     -0.49     -0.8     
   0.94      0.21      0.27    
   0.016     0.77     -0.64    
  -0.016    -0.77      0.64    
   0.016     0.77     -0.64    
   0.16     -0.63     -0.76    
  -0.34      0.49      0.8     
  -0.92     -0.33     -0.19    
  -0.12      0.72     -0.68    
   0.12     -0.72      0.68    
  -0.12      0.72     -0.68    
  -0.25      0.64      0.72    
   0.14     -0.1      -0.99    
   0.14     -0.98      0.12    
   0.14     -0.98      0.12    
  -0.057     0.81      0.58    
  -0.074    -0.59      0.81    
  -0.074    -0.59      0.81    

GEOM_XPOS
   0         0         0       
   1.1       0.094     0.14    
   1         0.13      0.18    
   1.3       0.046     0.09    
   0.9       0.14      0.18    
   0.74      0.13      0.14    
   0.55     -0.0087    0.11    
   0.19     -0.014     0.089   
  -0.045    -0.00047   0.13    
  -0.047     0.03      0.11    
   0.54      0.16      0.06    
   0.17      0.13      0.1     
  -0.073     0.12      0.14    
  -0.07      0.15      0.11    
   1        -0.091     0.18    
   0.73     -0.15      0.093   
   0.59     -0.17      0.04    
   1.1       0.25      0.046   
   0.75      0.29      0.047   
   0.59      0.3       0.04    

GEOM_XMAT
   1         0         0         0         1         0         0         0         1       
  -0.35      0.93     -0.098    -0.43     -0.25     -0.87     -0.83     -0.26      0.49    
  -0.35      0.93     -0.098    -0.43     -0.25     -0.87     -0.83     -0.26      0.49    
  -0.35      0.098     0.93     -0.43      0.87     -0.25     -0.83     -0.49     -0.26    
   0.34      0.93     -0.098    -0.49      0.089    -0.87     -0.8       0.34      0.49    
   0.34      0.94      0.0026   -0.49      0.18     -0.85     -0.8       0.29      0.52    
   0.36      0.044     0.93     -0.6       0.77      0.2      -0.71     -0.63      0.31    
  -0.33      0.016     0.94     -0.6       0.77     -0.22     -0.73     -0.64     -0.24    
   0.94     -0.15      0.3      -0.1       0.71      0.69     -0.32     -0.68      0.66    
   0.95      0.083     0.3      -0.25      0.8       0.55     -0.2      -0.6       0.78    
   0.13     -0.14      0.98     -0.67      0.72      0.2      -0.73     -0.68     -4.5e-05 
  -0.23     -0.12      0.97     -0.69      0.72     -0.074    -0.69     -0.68     -0.24    
   0.98     -0.032     0.21     -0.13      0.71      0.69     -0.17     -0.7       0.69    
   0.96      0.19      0.2      -0.27      0.79      0.55     -0.05     -0.58      0.81    
   0.24     -0.08      0.97     -0.34      0.93      0.16     -0.91     -0.37      0.19    
   0.041     0.38      0.92     -0.93     -0.32      0.17      0.36     -0.87      0.34    
  -0.38     -0.041    -0.92      0.32      0.93     -0.17      0.87     -0.36     -0.34    
  -0.15      0.12      0.98     -0.61      0.77     -0.19     -0.78     -0.63     -0.047   
   0.076     0.00055   1         0.78      0.63     -0.06     -0.63      0.78      0.047   
   0.00055   0.076    -1         0.63      0.78      0.06      0.78     -0.63     -0.047   

CAM_XPOS
  -2.3       0.088     1.5     
   0.68     -2.9       1.5     
   1.3       0.007     0.015   

CAM_XMAT
   0         0.45     -0.89     -1         0         0         0         0.89      0.45    
   1         0         0         0         0.45     -0.89      0         0.89      0.45    
  -0.098     0.89      0.44     -0.87     -0.29      0.41      0.49     -0.34      0.8     

LIGHT_XPOS
   0        -6         4       
   0.68      0.088     1.3     

LIGHT_XDIR
   0.097     0.84     -0.54    
   0         0        -1       

SUBTREE_COM
   0.7       0.088     0.11    
   0.7       0.088     0.11    
   1.3       0.046     0.09    
   0.49      0.091     0.11    
   0.46      0.087     0.11    
   0.36     -0.0072    0.11    
   0.12     -0.0055    0.099   
  -0.046     0.015     0.12    
   0.34      0.15      0.081   
   0.099     0.13      0.11    
  -0.071     0.13      0.13    
   0.9      -0.12      0.14    
   0.7      -0.15      0.082   
   0.59     -0.17      0.04    
   0.92      0.27      0.046   
   0.71      0.3       0.046   
   0.59      0.3       0.04    

CDOF
   0         0         0         1         0         0       
   0         0         0         0         1         0       
   0         0         0         0         0         1       
  -0.35     -0.43     -0.83      0.0062    0.35     -0.19    
   0.098     0.87     -0.49     -0.024     0.22      0.38    
   0.93     -0.25     -0.26      0.0049    0.14     -0.12    
   0.93     -0.25     -0.26      0.0058    0.14     -0.12    
   0.098     0.87     -0.49     -0.1       0.13      0.22    
   0.34     -0.49     -0.8      -0.019     0.12     -0.084   
   0.34     -0.49     -0.8       0.075     0.022     0.019   
   0.94      0.21      0.27     -0.028     0.046     0.06    
   0.016     0.77     -0.64      0.0014    0.0045    0.0054  
  -0.016    -0.77      0.64     -0.14      0.22      0.26    
   0.016     0.77     -0.64      0.032    -0.42     -0.51    
   0.16     -0.63     -0.76      0.059    -0.52      0.45    
  -0.34      0.49      0.8       0.11      0.014     0.039   
  -0.92     -0.33     -0.19     -0.038     0.051     0.097   
  -0.12      0.72     -0.68     -0.034     0.0097    0.016   
   0.12     -0.72      0.68     -0.017     0.24      0.26    
  -0.12      0.72     -0.68     -0.057    -0.47     -0.49    
  -0.25      0.64      0.72      0.021     0.52     -0.45    
   0.14     -0.1      -0.99      0.16      0.48     -0.027   
   0.14     -0.98      0.12      0.072    -0.045    -0.45    
   0.14     -0.98      0.12      0.0074   -0.017    -0.14    
  -0.057     0.81      0.58      0.14     -0.29      0.42    
  -0.074    -0.59      0.81      0.068    -0.41     -0.29    
  -0.074    -0.59      0.81      0.12     -0.16     -0.11    

CINERT
   0         0         0         0         0         0         0         0         0         0       
   0.046     0.96      0.96     -0.04     -0.086     0.0019    2.3       0.11      0.24      5.9     
   0.017     1.2       1.2       0.079     0.045    -0.0031    1.9      -0.13     -0.073     3.1     
   0.025     0.1       0.1      -0.024    -0.027    -0.0048    0.45      0.12      0.14      2.3     
   0.067     0.045     0.063    -0.0093   -0.0063    0.0058    0.24      0.26      0.17      6.6     
   0.062     0.18      0.22     -0.083    -0.02     -0.0048   -0.72     -0.46     -0.0076    4.8     
   0.037     0.75      0.77     -0.14     -0.028    -0.0085   -1.4      -0.28     -0.068     2.8     
   0.012     0.63      0.64     -0.063     0.0054   -0.0016   -0.84     -0.083     0.0089    1.1     
   0.051     0.21      0.22      0.044    -0.041     0.019    -0.77      0.35     -0.26      4.8     
   0.011     0.81      0.82      0.069    -0.013     0.0012   -1.5       0.13     -0.038     2.8     
   0.0087    0.68      0.68      0.039     0.0094   -0.003    -0.87      0.052     0.013     1.1     
   0.063     0.22      0.26      0.099    -0.04      0.019     0.57     -0.3       0.11      1.7     
   0.054     0.0095    0.061     0.0056   -0.0019   -0.0051    0.029    -0.22     -0.02      0.96    
   0.02      0.0051    0.022    -0.0079   -0.0023   -0.0052   -0.03     -0.07     -0.02      0.27    
   0.054     0.25      0.29     -0.099     0.042     0.018     0.62      0.27     -0.11      1.7     
   0.045     0.015     0.051    -0.009     0.0027    0.013     0.046     0.2      -0.064     0.96    
   0.014     0.0047    0.016     0.0062   -0.0021    0.0043   -0.029     0.058    -0.02      0.27    

TEN_LENGTH
   0.34    
   0.3     

TEN_MOMENT
   0         0         0         0         0         0         0         0         0         0         0         0.5      -0.5       0         0         0         0         0         0         0         0         0         0         0         0         0         0       
   0         0         0         0         0         0         0         0         0         0         0         0         0         0         0         0         0         0.5      -0.5       0         0         0         0         0         0         0         0       

TENDON 0: 0 wrap points

TENDON 1: 0 wrap points

ACTUATOR_LENGTH
   0.032   
  -28      
  -4.3     
  -1.3     
  -5.7     
  -2.7     
  -56      
  -0.54    
  -1.1     
   7.1     
   6.1     
   29      
  -29      
  -0.47    
  -4.1     
   10      
   1.5     
  -70      
   15      
  -4.7     
  -70      

actuator_moment
-----------------------------
       x                     |
        x                    |
         x                   |
          x                  |
           x                 |
            x                |
             x               |
              x              |
               x             |
                x            |
                 x           |
                  x          |
                   x         |
                    x        |
                     x       |
                      x      |
                       x     |
                        x    |
                         x   |
                          x  |
                           x |
-----------------------------

ACTUATOR_MOMENT
     6:  40      
     7:  40      
     8:  40      
     9:  40      
    10:  40      
    11:  1.2e+02 
    12:  80      
    13:  20      
    14:  20      
    15:  40      
    16:  40      
    17:  1.2e+02 
    18:  80      
    19:  20      
    20:  20      
    21:  20      
    22:  20      
    23:  40      
    24:  20      
    25:  20      
    26:  40      

CRB
   0         0         0         0         0         0         0         0         0         0       
   0.59      6         6.4      -0.13     -0.16      0.047     4.7e-15   1.4e-16   7.9e-16   41      
   0.017     1.2       1.2       0.079     0.045    -0.0031    1.9      -0.13     -0.073     3.1     
   0.27      3.4       3.5      -0.16     -0.12      0.0032   -5.4       0.083    -0.037     26      
   0.25      3.3       3.4      -0.14     -0.094     0.008    -5.8      -0.038    -0.18      24      
   0.11      1.6       1.6      -0.28     -0.042    -0.015    -3        -0.82     -0.066     8.6     
   0.049     1.4       1.4      -0.2      -0.022    -0.01     -2.2      -0.36     -0.059     3.9     
   0.012     0.63      0.64     -0.063     0.0054   -0.0016   -0.84     -0.083     0.0089    1.1     
   0.071     1.7       1.7       0.15     -0.045     0.017    -3.1       0.53     -0.28      8.6     
   0.02      1.5       1.5       0.11     -0.0038   -0.0018   -2.3       0.18     -0.025     3.9     
   0.0087    0.68      0.68      0.039     0.0094   -0.003    -0.87      0.052     0.013     1.1     
   0.14      0.23      0.35      0.097    -0.045     0.009     0.57     -0.59      0.07      2.9     
   0.074     0.015     0.083    -0.0024   -0.0042   -0.01     -0.0012   -0.29     -0.04      1.2     
   0.02      0.0051    0.022    -0.0079   -0.0023   -0.0052   -0.03     -0.07     -0.02      0.27    
   0.11      0.27      0.36     -0.1       0.043     0.036     0.64      0.53     -0.2       2.9     
   0.059     0.02      0.067    -0.0028    0.00058   0.017     0.017     0.25     -0.084     1.2     
   0.014     0.0047    0.016     0.0062   -0.0021    0.0043   -0.029     0.058    -0.02      0.27    

QM
   41      
   0         41      
   0         0         41      
   0.25      14       -7.6       12      
  -1         8.9       15        0.57      14      
   0.2       5.6      -4.7       4.9      -1.1       2.8     
   0.18      5.2      -4.4       4.8      -1.1       2.4       2.5     
  -2.6       6.2       10        0.51      10       -0.8      -0.8       8.1     
  -0.39      7.7      -4.9       7.4      -0.31      3.3       3.4      -0.13      5.3     
   0.024     2.6      -1.6       2.6      -0.064     1.3       1.3      -0.027     2         1.6     
  -0.029    -0.35      0.37     -0.49      0.15     -0.23     -0.23      0.12     -0.39     -0.32      0.12    
  -0.57      1.9       2.3       0.68      2.9      -0.21     -0.21      2.4       0.25      0.24      0.026     1.7     
  -0.27     -0.57     -0.69     -0.19     -0.95      0.075     0.073    -0.77     -0.05     -0.088    -0.0064   -0.59      0.32    
  -0.01      0.063     0.075     0.027     0.12     -0.0076   -0.0074    0.1       0.011     0.012     0.00064   0.08     -0.044     0.025   
  -0.0021    0.044    -0.038     0.062    -0.012     0.031     0.032    -0.0098    0.052     0.044    -0.011    -0.00013   0.00038   0.0001    0.015   
   0.41     -2.5       1.7      -2.7       0.23     -1.1      -1.1       0.13     -1.9                                                                   1.6     
  -0.14      0.78     -0.67      0.94     -0.21      0.35      0.36     -0.16      0.68                                                                 -0.56      0.24    
  -0.14      2.2       2.3       0.72      3         0.15      0.15      2.5       0.44                                                                 -0.26      0.019     1.8     
  -0.17     -0.64     -0.65     -0.28     -1        -0.041    -0.043    -0.83     -0.17                                                                  0.095    -0.0035   -0.64      0.32    
  -0.02      0.064     0.071     0.026     0.12      0.0007    0.00089   0.1       0.016                                                                -0.012    -0.00021   0.081    -0.044     0.024   
  -0.0047   -0.044     0.038    -0.065     0.013    -0.027    -0.028     0.011    -0.052                                                                 0.043    -0.015    -0.002     0.0014    0.00039   0.015   
  -0.12      0.82     -0.1       0.28      0.14      0.15                                                                                                                                                            0.37    
   0.21     -0.071    -0.81      0.0079   -0.29      0.24                                                                                                                                                           -2.4e-16   0.38    
   0.084    -0.015    -0.22      0.0062   -0.11      0.072                                                                                                                                                          -8e-17     0.13      0.068   
  -0.061    -0.49      0.67     -0.29      0.13     -0.032                                                                                                                                                                                         0.37    
  -0.11     -0.67     -0.5      -0.091    -0.29     -0.17                                                                                                                                                                                         -3.3e-16   0.38    
  -0.0047   -0.19     -0.14     -0.032    -0.11     -0.05                                                                                                                                                                                         -1.3e-16   0.13      0.068   

M
     0:  41      
     0:  0          1:  41      
     0:  0          1:  0          2:  41      
     0:  0.25       1:  14         2: -7.6        3:  12      
     0: -1          1:  8.9        2:  15         3:  0.57       4:  14      
     0:  0.2        1:  5.6        2: -4.7        3:  4.9        4: -1.1        5:  2.8     
     0:  0.18       1:  5.2        2: -4.4        3:  4.8        4: -1.1        5:  2.4        6:  2.5     
     0: -2.6        1:  6.2        2:  10         3:  0.51       4:  10         5: -0.8        6: -0.8        7:  8.1     
     0: -0.39       1:  7.7        2: -4.9        3:  7.4        4: -0.31       5:  3.3        6:  3.4        7: -0.13       8:  5.3     
     0:  0.024      1:  2.6        2: -1.6        3:  2.6        4: -0.064      5:  1.3        6:  1.3        7: -0.027      8:  2          9:  1.6     
     0: -0.029      1: -0.35       2:  0.37       3: -0.49       4:  0.15       5: -0.23       6: -0.23       7:  0.12       8: -0.39       9: -0.32      10:  0.12    
     0: -0.57       1:  1.9        2:  2.3        3:  0.68       4:  2.9        5: -0.21       6: -0.21       7:  2.4        8:  0.25       9:  0.24      10:  0.026     11:  1.7     
     0: -0.27       1: -0.57       2: -0.69       3: -0.19       4: -0.95       5:  0.075      6:  0.073      7: -0.77       8: -0.05       9: -0.088     10: -0.0064    11: -0.59      12:  0.32    
     0: -0.01       1:  0.063      2:  0.075      3:  0.027      4:  0.12       5: -0.0076     6: -0.0074     7:  0.1        8:  0.011      9:  0.012     10:  0.00064   11:  0.08      12: -0.044     13:  0.025   
     0: -0.0021     1:  0.044      2: -0.038      3:  0.062      4: -0.012      5:  0.031      6:  0.032      7: -0.0098     8:  0.052      9:  0.044     10: -0.011     11: -0.00013   12:  0.00038   13:  0.0001    14:  0.015   
     0:  0.41       1: -2.5        2:  1.7        3: -2.7        4:  0.23       5: -1.1        6: -1.1        7:  0.13       8: -1.9       15:  1.6     
     0: -0.14       1:  0.78       2: -0.67       3:  0.94       4: -0.21       5:  0.35       6:  0.36       7: -0.16       8:  0.68      15: -0.56      16:  0.24    
     0: -0.14       1:  2.2        2:  2.3        3:  0.72       4:  3          5:  0.15       6:  0.15       7:  2.5        8:  0.44      15: -0.26      16:  0.019     17:  1.8     
     0: -0.17       1: -0.64       2: -0.65       3: -0.28       4: -1          5: -0.041      6: -0.043      7: -0.83       8: -0.17      15:  0.095     16: -0.0035    17: -0.64      18:  0.32    
     0: -0.02       1:  0.064      2:  0.071      3:  0.026      4:  0.12       5:  0.0007     6:  0.00089    7:  0.1        8:  0.016     15: -0.012     16: -0.00021   17:  0.081     18: -0.044     19:  0.024   
     0: -0.0047     1: -0.044      2:  0.038      3: -0.065      4:  0.013      5: -0.027      6: -0.028      7:  0.011      8: -0.052     15:  0.043     16: -0.015     17: -0.002     18:  0.0014    19:  0.00039   20:  0.015   
     0: -0.12       1:  0.82       2: -0.1        3:  0.28       4:  0.14       5:  0.15      21:  0.37    
     0:  0.21       1: -0.071      2: -0.81       3:  0.0079     4: -0.29       5:  0.24      21: -2.4e-16   22:  0.38    
     0:  0.084      1: -0.015      2: -0.22       3:  0.0062     4: -0.11       5:  0.072     21: -8e-17     22:  0.13      23:  0.068   
     0: -0.061      1: -0.49       2:  0.67       3: -0.29       4:  0.13       5: -0.032     24:  0.37    
     0: -0.11       1: -0.67       2: -0.5        3: -0.091      4: -0.29       5: -0.17      24: -3.3e-16   25:  0.38    
     0: -0.0047     1: -0.19       2: -0.14       3: -0.032      4: -0.11       5: -0.05      24: -1.3e-16   25:  0.13      26:  0.068   

QLD
     0:  25      
     0:  0.054      1:  14      
     0:  0.2        1: -0.02       2:  14      
     0:  0.41       1:  1.3        2: -0.72       3:  1       
     0:  3.9        1:  0.71       2:  1.3        3:  0.14       4:  0.66    
     0: -0.91       1: -0.65       2: -0.2        3:  0.26       4:  0.03       5:  0.14    
     0:  0.86       1:  4          2: -2.3        3:  1          4:  0.019      5:  0.88       6:  0.14    
     0: -1.5        1:  1.9        2:  2.9        3:  0.053      4:  1.5        5: -0.021      6: -0.02       7:  0.77    
     0:  0.53       1:  2.8        2: -2.1        3:  1.8        4: -0.21       5:  0.86       6:  0.9        7: -0.14       8:  0.43    
     0:  0.11       1:  2          2: -1.6        3:  1.7        4: -0.31       5:  1.1        6:  1.1        7: -0.23       8:  1.3        9:  0.64    
     0: -0.074      1: -3.2        2:  2.7        3: -4.1        4:  0.81       5: -1.8        6: -1.8        7:  0.65       8: -3.2        9: -2.6       10:  0.11    
     0: -1.9        1:  1.6        2:  1.8        3:  0.57       4:  2          5: -0.14       6: -0.13       7:  1.7        8:  0.27       9:  0.13      10:  0.026     11:  0.57    
     0: -1.2        1: -1.9        2: -2.3        3: -0.62       4: -3          5:  0.25       6:  0.24       7: -2.4        8: -0.13       9: -0.29      10: -0.02      11: -1.9       12:  0.24    
     0: -0.42       1:  2.6        2:  3.1        3:  1.1        4:  4.9        5: -0.32       6: -0.31       7:  4.2        8:  0.44       9:  0.46      10:  0.029     11:  3.3       12: -1.8       13:  0.025   
     0: -0.14       1:  3          2: -2.5        3:  4.2        4: -0.82       5:  2.1        6:  2.1        7: -0.65       8:  3.5        9:  2.9       10: -0.74      11: -0.0083    12:  0.025     13:  0.0069    14:  0.015   
     0:  0.44       1: -1.8        2:  1.8        3: -1.7        4:  0.44       5: -0.92       6: -0.94       7:  0.27       8: -1.2       15:  0.23    
     0: -0.58       1:  3.1        2: -3          3:  3.9        4: -1          5:  1.4        6:  1.5        7: -0.78       8:  2.8       15: -2.3       16:  0.22    
     0: -1.1        1:  1.9        2:  2.2        3:  0.33       4:  2.2        5:  0.14       6:  0.15       7:  1.8        8:  0.22      15: -0.15      16:  0.029     17:  0.46    
     0: -0.85       1: -2.2        2: -2.2        3: -0.93       4: -3.3        5: -0.15       6: -0.16       7: -2.7        8: -0.56      15:  0.28      16: -0.0076    17: -2.1       18:  0.24    
     0: -0.81       1:  2.7        2:  2.9        3:  1.2        4:  4.8        5:  0.059      6:  0.067      7:  4.2        8:  0.7       15: -0.53      16:  0.0074    17:  3.3       18: -1.8       19:  0.024   
     0: -0.31       1: -2.9        2:  2.5        3: -4.3        4:  0.9        5: -1.8        6: -1.9        7:  0.76       8: -3.4       15:  2.9       16: -0.98      17: -0.13      18:  0.095     19:  0.026     20:  0.015   
     0: -0.31       1:  2.2        2: -0.27       3:  0.74       4:  0.38       5:  0.4       21:  0.37    
     0:  0.39       1: -0.32       2: -3.1        3: -0.031      4: -0.68       5:  0.75      21: -6.4e-16   22:  0.13    
     0:  1.2        1: -0.22       2: -3.2        3:  0.092      4: -1.6        5:  1.1       21: -1.2e-15   22:  1.9       23:  0.068   
     0: -0.17       1: -1.3        2:  1.8        3: -0.8        4:  0.35       5: -0.087     24:  0.37    
     0: -0.8        1: -2.4        2: -1.8        3: -0.23       4: -0.67       5: -0.6       24: -5.6e-16   25:  0.13    
     0: -0.07       1: -2.8        2: -2          3: -0.47       4: -1.6        5: -0.74      24: -2e-15     25:  1.9       26:  0.068   

QLDIAGINV
   0.041   
   0.069   
   0.072   
   1       
   1.5     
   7.4     
   7.3     
   1.3     
   2.3     
   1.6     
   9       
   1.8     
   4.2     
   41      
   67      
   4.4     
   4.4     
   2.2     
   4.2     
   41      
   67      
   2.7     
   7.6     
   15      
   2.7     
   7.6     
   15      

M: inertia structure
-----------------------------
 x                           |
 xx                          |
 xxx                         |
 xxxx                        |
 xxxxx                       |
 xxxxxx                      |
 xxxxxxx                     |
 xxxxxxxx                    |
 xxxxxxxxx                   |
 xxxxxxxxxx                  |
 xxxxxxxxxxx                 |
 xxxxxxxxxxxx                |
 xxxxxxxxxxxxx               |
 xxxxxxxxxxxxxx              |
 xxxxxxxxxxxxxxx             |
 xxxxxxxxx      x            |
 xxxxxxxxx      xx           |
 xxxxxxxxx      xxx          |
 xxxxxxxxx      xxxx         |
 xxxxxxxxx      xxxxx        |
 xxxxxxxxx      xxxxxx       |
 xxxxxx               x      |
 xxxxxx               xx     |
 xxxxxx               xxx    |
 xxxxxx                  x   |
 xxxxxx                  xx  |
 xxxxxx                  xxx |
-----------------------------

iM: block-diagonal inertia (nnzs are island ids)
-----------------------------
 0                           |
 00                          |
 000                         |
 0000                        |
 00000                       |
 000000                      |
 0000000                     |
 00000000                    |
 000000000                   |
 0000000000                  |
 00000000000                 |
 000000000000                |
 0000000000000               |
 00000000000000              |
 000000000000000             |
 000000000      0            |
 000000000      00           |
 000000000      000          |
 000000000      0000         |
 000000000      00000        |
 000000000      000000       |
 000000               0      |
 000000               00     |
 000000               000    |
 000000                  0   |
 000000                  00  |
 000000                  000 |
-----------------------------

QH
     0:  26      
     0:  0.037      1:  15      
     0:  0.17       1: -0.018      2:  14      
     0:  0.46       1:  1.3        2: -0.75       3:  1.1     
     0:  3.5        1:  0.79       2:  1.4        3:  0.13       4:  0.72    
     0: -0.71       1: -0.11       2: -0.45       3:  0.35       4:  0.027      5:  0.16    
     0:  0.65       1:  3.3        2: -1.9        3:  0.88       4:  0.011      5:  0.79       6:  0.2     
     0: -1.3        1:  1.7        2:  2.6        3:  0.046      4:  1.4        5: -0.032      6: -0.032      7:  0.95    
     0:  0.4        1:  2.5        2: -1.9        3:  1.7        4: -0.19       5:  0.81       6:  0.84       7: -0.13       8:  0.53    
     0:  0.079      1:  1.8        2: -1.4        3:  1.7        4: -0.29       5:  0.97       6:  0.99       7: -0.22       8:  1.3        9:  0.8     
     0: -0.069      1: -2.6        2:  2.2        3: -3.4        4:  0.67       5: -1.5        6: -1.5        7:  0.54       8: -2.6        9: -2.1       10:  0.14    
     0: -1.8        1:  1.5        2:  1.8        3:  0.55       4:  1.9        5: -0.13       6: -0.13       7:  1.6        8:  0.26       9:  0.12      10:  0.025     11:  0.59    
     0: -1.2        1: -1.9        2: -2.3        3: -0.61       4: -3          5:  0.25       6:  0.24       7: -2.4        8: -0.13       9: -0.28      10: -0.02      11: -1.8       12:  0.24    
     0: -0.41       1:  2.5        2:  3          3:  1          4:  4.7        5: -0.3        6: -0.3        7:  4          8:  0.43       9:  0.44      10:  0.028     11:  3.1       12: -1.7       13:  0.026   
     0: -0.13       1:  2.8        2: -2.4        3:  3.9        4: -0.77       5:  2          6:  2          7: -0.61       8:  3.3        9:  2.7       10: -0.69      11: -0.0079    12:  0.024     13:  0.0065    14:  0.016   
     0:  0.35       1: -1.6        2:  1.5        3: -1.6        4:  0.4        5: -0.77       6: -0.79       7:  0.26       8: -1.2       15:  0.37    
     0: -0.52       1:  2.8        2: -2.7        3:  3.5        4: -0.93       5:  1.3        6:  1.3        7: -0.7        8:  2.5       15: -2         16:  0.25    
     0: -1          1:  1.8        2:  2.1        3:  0.31       4:  2.1        5:  0.13       6:  0.14       7:  1.7        8:  0.2       15: -0.15      16:  0.027     17:  0.49    
     0: -0.83       1: -2.2        2: -2.2        3: -0.92       4: -3.3        5: -0.15       6: -0.16       7: -2.7        8: -0.56      15:  0.28      16: -0.008     17: -2.1       18:  0.24    
     0: -0.78       1:  2.6        2:  2.8        3:  1.1        4:  4.7        5:  0.055      6:  0.062      7:  4.1        8:  0.66      15: -0.51      16:  0.0061    17:  3.2       18: -1.7       19:  0.025   
     0: -0.29       1: -2.8        2:  2.3        3: -4.1        4:  0.84       5: -1.7        6: -1.8        7:  0.71       8: -3.2       15:  2.7       16: -0.92      17: -0.12      18:  0.089     19:  0.025     20:  0.016   
     0: -0.31       1:  2.2        2: -0.27       3:  0.74       4:  0.38       5:  0.4       21:  0.37    
     0:  0.4        1: -0.31       2: -3          3: -0.029      4: -0.68       5:  0.74      21: -1.1e-15   22:  0.14    
     0:  1.2        1: -0.22       2: -3.2        3:  0.09       4: -1.6        5:  1         21: -1.8e-15   22:  1.9       23:  0.069   
     0: -0.17       1: -1.3        2:  1.8        3: -0.79       4:  0.35       5: -0.087     24:  0.37    
     0: -0.78       1: -2.3        2: -1.8        3: -0.23       4: -0.67       5: -0.59      24: -1.7e-15   25:  0.14    
     0: -0.069      1: -2.7        2: -2          3: -0.46       4: -1.5        5: -0.73      24: -3.1e-15   25:  1.9       26:  0.069   

QHDIAGINV
   0.038   
   0.068   
   0.07    
   0.94    
   1.4     
   6.5     
   5       
   1.1     
   1.9     
   1.2     
   7.3     
   1.7     
   4.1     
   39      
   62      
   2.7     
   4       
   2.1     
   4.1     
   39      
   62      
   2.7     
   7.4     
   14      
   2.7     
   7.4     
   14      

TREE_AWAKE
  1

BODY_AWAKE
  -1 1 1 1 1 1 1 1 1 1 1 1 1 1 1 1 1

BODY_AWAKE_IND
  0 1 2 3 4 5 6 7 8 9 10 11 12 13 14 15 16

PARENT_AWAKE_IND
  1 2 3 4 5 6 7 8 9 10 11 12 13 14 15 16

DOF_AWAKE_IND
  0 1 2 3 4 5 6 7 8 9 10 11 12 13 14 15 16 17 18 19 20 21 22 23 24 25 26

CONTACT
  0:
     dim           3
     geoms         floor : head
     exclude       0
     efc_address   3
     solref         0.018     1       
     solimp         0.9       0.97      0.002     0.5       2       
     dist          -0.00021 
     includemargin  0       
     pos            1.3       0.046    -0.0001  
     frame          0         0         1         0         1         0        -1         0         0       
     friction       1         1         0.005     0.0001    0.0001  
     mu             1       
     force          95       -2.2       71        0         0         0       
  1:
     dim           3
     geoms         floor : thigh_right
     exclude       0
     efc_address   7
     solref         0.018     1       
     solimp         0.9       0.97      0.002     0.5       2       
     dist          -0.00015 
     includemargin  0       
     pos            0.39     -0.043    -7.7e-05 
     frame          0         0         1         0.98      0.21      0        -0.21      0.98      0       
     friction       1         1         0.005     0.0001    0.0001  
     mu             1       
     force          63        34       -4.2       0         0         0       
  2:
     dim           3
     geoms         floor : foot2_right
     exclude       0
     efc_address   11
     solref         0.018     1       
     solimp         0.9       0.97      0.002     0.5       2       
     dist          -0.00026 
     includemargin  0       
     pos           -0.079    -0.028    -0.00013 
     frame          0         0         1         0.48      0.88      0        -0.88      0.48      0       
     friction       1         1         0.005     0.0001    0.0001  
     mu             1       
     force          20        8.8      -7.9       0         0         0       
  3:
     dim           3
     geoms         floor : thigh_left
     exclude       0
     efc_address   15
     solref         0.018     1       
     solimp         0.9       0.97      0.002     0.5       2       
     dist          -0.0002  
     includemargin  0       
     pos            0.71      0.2      -9.9e-05 
     frame          0         0         1         0.98      0.2       0        -0.2       0.98      0       
     friction       1         1         0.005     0.0001    0.0001  
     mu             1       
     force          74        26       -9         0         0         0       
  4:
     dim           3
     geoms         floor : thigh_left
     exclude       0
     efc_address   19
     solref         0.018     1       
     solimp         0.9       0.97      0.002     0.5       2       
     dist          -0.00018 
     includemargin  0       
     pos            0.37      0.13     -9.1e-05 
     frame          0         0         1         0.98      0.2       0        -0.2       0.98      0       
     friction       1         1         0.005     0.0001    0.0001  
     mu             1       
     force          70        26       -14        0         0         0       
  5:
     dim           3
     geoms         floor : foot2_left
     exclude       0
     efc_address   23
     solref         0.018     1       
     solimp         0.9       0.97      0.002     0.5       2       
     dist          -0.00022 
     includemargin  0       
     pos           -0.09      0.091    -0.00011 
     frame          0         0         1         0.34      0.94      0        -0.94      0.34      0       
     friction       1         1         0.005     0.0001    0.0001  
     mu             1       
     force          18        8.7      -8         0         0         0       
  6:
     dim           3
     geoms         floor : hand_right
     exclude       0
     efc_address   27
     solref         0.018     1       
     solimp         0.9       0.97      0.002     0.5       2       
     dist          -0.00035 
     includemargin  0       
     pos            0.59     -0.17     -0.00017 
     frame          0         0         1         0         1         0        -1         0         0       
     friction       1         1         0.005     0.0001    0.0001  
     mu             1       
     force          13        0.55      0.99      0         0         0       
  7:
     dim           3
     geoms         floor : upper_arm_left
     exclude       0
     efc_address   31
     solref         0.018     1       
     solimp         0.9       0.97      0.002     0.5       2       
     dist          -3.4e-05 
     includemargin  0       
     pos            1.2       0.23     -1.7e-05 
     frame          0         0         1         0.98     -0.19      0         0.19      0.98     -0       
     friction       1         1         0.005     0.0001    0.0001  
     mu             1       
     force          34       -31       -2.6       0         0         0       
  8:
     dim           3
     geoms         floor : hand_left
     exclude       0
     efc_address   35
     solref         0.018     1       
     solimp         0.9       0.97      0.002     0.5       2       
     dist          -0.00028 
     includemargin  0       
     pos            0.59      0.3      -0.00014 
     frame          0         0         1         0         1         0        -1         0         0       
     friction       1         1         0.005     0.0001    0.0001  
     mu             1       
     force          14       -3.4       9.4       0         0         0       
  9:
     dim           1
     geoms         butt : lower_arm_left
     exclude       0
     efc_address   39
     solref         0.015     1       
     solimp         0.9       0.99      0.003     0.5       2       
     dist          -9.2e-05 
     includemargin  0       
     pos            0.74      0.27      0.061   
     frame          0.075     0.88     -0.46      0.039     0.46      0.89      1        -0.085     6.9e-18 
     friction       0.7       0.7       0.005     0.0001    0.0001  
     mu             0       
     force          6.2       0         0         0         0         0       
  10:
     dim           1
     geoms         foot2_right : foot1_left
     exclude       0
     efc_address   40
     solref         0.015     1       
     solimp         0.9       0.99      0.003     0.5       2       
     dist          -4.7e-05 
     includemargin  0       
     pos           -0.077     0.027     0.072   
     frame         -0.68      0.7      -0.23     -0.16      0.17      0.97      0.72      0.7       1.4e-17 
     friction       0.7       0.7       0.005     0.0001    0.0001  
     mu             0       
     force          2.3       0         0         0         0         0       

EFC_TYPE
  3
  3
  3
  6
  6
  6
  6
  6
  6
  6
  6
  6
  6
  6
  6
  6
  6
  6
  6
  6
  6
  6
  6
  6
  6
  6
  6
  6
  6
  6
  6
  6
  6
  6
  6
  6
  6
  6
  6
  5
  5

EFC_ID
  10
  18
  21
  0
  0
  0
  0
  1
  1
  1
  1
  2
  2
  2
  2
  3
  3
  3
  3
  4
  4
  4
  4
  5
  5
  5
  5
  6
  6
  6
  6
  7
  7
  7
  7
  8
  8
  8
  8
  9
  10

EFC_J
   0         0         0         0         0         0         0         0         0         0         0         0         0         0         0        -1         0         0         0         0         0         0         0         0         0         0         0       
   0         0         0         0         0         0         0         0         0         0         0         0         0         0         0         0         0         0         0         0         0         0         0         1         0         0         0       
   0         0         0         0         0         0         0         0         0         0         0         0         0         0         0         0         0         0         0         0         0         0         0         0         0         0         1       
   0         1         1        -0.1      -0.23      0.084     0         0         0         0         0         0         0         0         0         0         0         0         0         0         0         0         0         0         0         0         0       
   0        -1         1         0.29     -0.085    -0.084     0         0         0         0         0         0         0         0         0         0         0         0         0         0         0         0         0         0         0         0         0       
  -1         0         1         0.073    -0.014    -0.023     0         0         0         0         0         0         0         0         0         0         0         0         0         0         0         0         0         0         0         0         0       
   1         0         1         0.11     -0.3       0.023     0         0         0         0         0         0         0         0         0         0         0         0         0         0         0         0         0         0         0         0         0       
   0.98      0.21      1        -0.21      0.53     -0.25     -0.25      0.28     -0.26     -0.088     0.0011    0.12      0         0         0         0         0         0         0         0         0         0         0         0         0         0         0       
  -0.98     -0.21      1        -0.34      0.74     -0.38     -0.39      0.67     -0.3      -0.27      0.0034    0.36      0         0         0         0         0         0         0         0         0         0         0         0         0         0         0       
  -0.21      0.98      1         0.3       1         0.00014   0.0035    0.82      0.13      0.12      0.072     0.48      0         0         0         0         0         0         0         0         0         0         0         0         0         0         0       
   0.21     -0.98      1        -0.85      0.22     -0.63     -0.64      0.13     -0.7      -0.48     -0.068     0.0054    0         0         0         0         0         0         0         0         0         0         0         0         0         0         0       
   0.48      0.88      1         0.34      1.5      -0.03     -0.027     1.2       0.15      0.21      0.052     0.97     -0.56      0.097     0.033     0         0         0         0         0         0         0         0         0         0         0         0       
  -0.48     -0.88      1        -1.3       0.59     -0.81     -0.82      0.54     -1.2      -1         0.18      0.24     -0.1       0.085    -0.15      0         0         0         0         0         0         0         0         0         0         0         0       
  -0.88      0.48      1         0.018     1.5      -0.21     -0.21      1.4      -0.078    -0.11      0.1       0.99     -0.48      0.24     -0.058     0         0         0         0         0         0         0         0         0         0         0         0       
   0.88     -0.48      1        -0.99      0.59     -0.63     -0.64      0.4      -0.94     -0.7       0.12      0.22     -0.18     -0.061    -0.063     0         0         0         0         0         0         0         0         0         0         0         0       
   0.98      0.2       1        -0.019     0.36      0.094     0.091     0.11      0.11      0         0         0         0         0         0        -0.033     0.0084   -0.044     0         0         0         0         0         0         0         0         0       
  -0.98     -0.2       1        -0.43      0.41     -0.12     -0.13      0.34     -0.2       0         0         0         0         0         0         0.033    -0.0084    0.044     0         0         0         0         0         0         0         0         0       
  -0.2       0.98      1         0.054     0.62      0.21      0.21      0.39      0.086     0         0         0         0         0         0        -0.014    -0.058     0.0018    0         0         0         0         0         0         0         0         0       
   0.2      -0.98      1        -0.5       0.15     -0.24     -0.25      0.054    -0.17      0         0         0         0         0         0         0.014     0.058    -0.0018    0         0         0         0         0         0         0         0         0       
   0.98      0.2       1        -0.14      0.64     -0.053    -0.055     0.39     -0.08      0         0         0         0         0         0         0.15     -0.039     0.2       0         0         0         0         0         0         0         0         0       
  -0.98     -0.2       1        -0.55      0.69     -0.27     -0.28      0.62     -0.38      0         0         0         0         0         0         0.22     -0.056     0.29      0         0         0         0         0         0         0         0         0       
  -0.2       0.98      1         0.22      1.1       0.15      0.16      0.84      0.17      0         0         0         0         0         0        -0.1      -0.041     0.48      0         0         0         0         0         0         0         0         0       
   0.2      -0.98      1        -0.9       0.26     -0.47     -0.49      0.17     -0.63      0         0         0         0         0         0         0.47     -0.055     0.015     0         0         0         0         0         0         0         0         0       
   0.34      0.94      1         0.41      1.6       0.12      0.12      1.3       0.29      0         0         0         0         0         0        -0.17     -0.074     1.1      -0.55      0.087    -0.042     0         0         0         0         0         0       
  -0.34     -0.94      1        -1.5       0.52     -0.74     -0.76      0.47     -1.2       0         0         0         0         0         0         1        -0.26      0.12     -0.064     0.076     0.15      0         0         0         0         0         0       
  -0.94      0.34      1        -0.26      1.4      -0.19     -0.2       1.3      -0.24      0         0         0         0         0         0         0.16     -0.13      0.87     -0.46      0.23      0.079     0         0         0         0         0         0       
   0.94     -0.34      1        -0.8       0.74     -0.43     -0.44      0.54     -0.7       0         0         0         0         0         0         0.7      -0.2       0.3      -0.15     -0.066     0.034     0         0         0         0         0         0       
   0         1         1         0.26      0.73     -0.11      0         0         0         0         0         0         0         0         0         0         0         0         0         0         0         0.53     -0.64     -0.3       0         0         0       
   0        -1         1        -0.56      0.17     -0.66      0         0         0         0         0         0         0         0         0         0         0         0         0         0         0        -0.68     -0.55     -0.28      0         0         0       
  -1         0         1         0.016     0.7      -0.35      0         0         0         0         0         0         0         0         0         0         0         0         0         0         0         0.0063   -0.81     -0.44      0         0         0       
   1         0         1        -0.31      0.2      -0.42      0         0         0         0         0         0         0         0         0         0         0         0         0         0         0        -0.16     -0.38     -0.14      0         0         0       
   0.98     -0.19      1         0.17     -0.1       0.19      0         0         0         0         0         0         0         0         0         0         0         0         0         0         0         0         0         0        -0.031     0.024     0       
  -0.98      0.19      1        -0.2       0.00042   0.094     0         0         0         0         0         0         0         0         0         0         0         0         0         0         0         0         0         0         0.031    -0.024     0       
   0.19      0.98      1        -0.089    -0.082     0.26      0         0         0         0         0         0         0         0         0         0         0         0         0         0         0         0         0         0        -0.0083    0.0015    0       
  -0.19     -0.98      1         0.06     -0.018     0.02      0         0         0         0         0         0         0         0         0         0         0         0         0         0         0         0         0         0         0.0083   -0.0015    0       
   0         1         1         0.097     0.77      0.33      0         0         0         0         0         0         0         0         0         0         0         0         0         0         0         0         0         0         0.13     -0.87     -0.44    
   0        -1         1        -0.71      0.21     -0.21      0         0         0         0         0         0         0         0         0         0         0         0         0         0         0         0         0         0         0.86      0.13      0.071   
  -1         0         1        -0.54      0.51     -0.031     0         0         0         0         0         0         0         0         0         0         0         0         0         0         0         0         0         0         0.57     -0.33     -0.2     
   1         0         1        -0.074     0.47      0.15      0         0         0         0         0         0         0         0         0         0         0         0         0         0         0         0         0         0         0.42     -0.41     -0.17    
   0         0         0         0         0         0        -0.14     -0.0084   -0.11      0         0         0         0         0         0         0         0         0         0         0         0         0         0         0        -0.41     -0.21     -0.07    
   0         0         0         0         0         0         0         0         0        -0.52      0.11     -0.26      0.07     -0.059    -0.035    -0.63      0.16      0.31     -0.16      0.11     -0.081     0         0         0         0         0         0       

IEFC_J
   0         0         0         0         0         0         0         0         0         0         0         0         0         0         0        -1         0         0         0         0         0         0         0         0         0         0         0       
   0         0         0         0         0         0         0         0         0         0         0         0         0         0         0         0         0         0         0         0         0         0         0         1         0         0         0       
   0         0         0         0         0         0         0         0         0         0         0         0         0         0         0         0         0         0         0         0         0         0         0         0         0         0         1       
   0         1         1        -0.1      -0.23      0.084     0         0         0         0         0         0         0         0         0         0         0         0         0         0         0         0         0         0         0         0         0       
   0        -1         1         0.29     -0.085    -0.084     0         0         0         0         0         0         0         0         0         0         0         0         0         0         0         0         0         0         0         0         0       
  -1         0         1         0.073    -0.014    -0.023     0         0         0         0         0         0         0         0         0         0         0         0         0         0         0         0         0         0         0         0         0       
   1         0         1         0.11     -0.3       0.023     0         0         0         0         0         0         0         0         0         0         0         0         0         0         0         0         0         0         0         0         0       
   0.98      0.21      1        -0.21      0.53     -0.25     -0.25      0.28     -0.26     -0.088     0.0011    0.12      0         0         0         0         0         0         0         0         0         0         0         0         0         0         0       
  -0.98     -0.21      1        -0.34      0.74     -0.38     -0.39      0.67     -0.3      -0.27      0.0034    0.36      0         0         0         0         0         0         0         0         0         0         0         0         0         0         0       
  -0.21      0.98      1         0.3       1         0.00014   0.0035    0.82      0.13      0.12      0.072     0.48      0         0         0         0         0         0         0         0         0         0         0         0         0         0         0       
   0.21     -0.98      1        -0.85      0.22     -0.63     -0.64      0.13     -0.7      -0.48     -0.068     0.0054    0         0         0         0         0         0         0         0         0         0         0         0         0         0         0       
   0.48      0.88      1         0.34      1.5      -0.03     -0.027     1.2       0.15      0.21      0.052     0.97     -0.56      0.097     0.033     0         0         0         0         0         0         0         0         0         0         0         0       
  -0.48     -0.88      1        -1.3       0.59     -0.81     -0.82      0.54     -1.2      -1         0.18      0.24     -0.1       0.085    -0.15      0         0         0         0         0         0         0         0         0         0         0         0       
  -0.88      0.48      1         0.018     1.5      -0.21     -0.21      1.4      -0.078    -0.11      0.1       0.99     -0.48      0.24     -0.058     0         0         0         0         0         0         0         0         0         0         0         0       
   0.88     -0.48      1        -0.99      0.59     -0.63     -0.64      0.4      -0.94     -0.7       0.12      0.22     -0.18     -0.061    -0.063     0         0         0         0         0         0         0         0         0         0         0         0       
   0.98      0.2       1        -0.019     0.36      0.094     0.091     0.11      0.11      0         0         0         0         0         0        -0.033     0.0084   -0.044     0         0         0         0         0         0         0         0         0       
  -0.98     -0.2       1        -0.43      0.41     -0.12     -0.13      0.34     -0.2       0         0         0         0         0         0         0.033    -0.0084    0.044     0         0         0         0         0         0         0         0         0       
  -0.2       0.98      1         0.054     0.62      0.21      0.21      0.39      0.086     0         0         0         0         0         0        -0.014    -0.058     0.0018    0         0         0         0         0         0         0         0         0       
   0.2      -0.98      1        -0.5       0.15     -0.24     -0.25      0.054    -0.17      0         0         0         0         0         0         0.014     0.058    -0.0018    0         0         0         0         0         0         0         0         0       
   0.98      0.2       1        -0.14      0.64     -0.053    -0.055     0.39     -0.08      0         0         0         0         0         0         0.15     -0.039     0.2       0         0         0         0         0         0         0         0         0       
  -0.98     -0.2       1        -0.55      0.69     -0.27     -0.28      0.62     -0.38      0         0         0         0         0         0         0.22     -0.056     0.29      0         0         0         0         0         0         0         0         0       
  -0.2       0.98      1         0.22      1.1       0.15      0.16      0.84      0.17      0         0         0         0         0         0        -0.1      -0.041     0.48      0         0         0         0         0         0         0         0         0       
   0.2      -0.98      1        -0.9       0.26     -0.47     -0.49      0.17     -0.63      0         0         0         0         0         0         0.47     -0.055     0.015     0         0         0         0         0         0         0         0         0       
   0.34      0.94      1         0.41      1.6       0.12      0.12      1.3       0.29      0         0         0         0         0         0        -0.17     -0.074     1.1      -0.55      0.087    -0.042     0         0         0         0         0         0       
  -0.34     -0.94      1        -1.5       0.52     -0.74     -0.76      0.47     -1.2       0         0         0         0         0         0         1        -0.26      0.12     -0.064     0.076     0.15      0         0         0         0         0         0       
  -0.94      0.34      1        -0.26      1.4      -0.19     -0.2       1.3      -0.24      0         0         0         0         0         0         0.16     -0.13      0.87     -0.46      0.23      0.079     0         0         0         0         0         0       
   0.94     -0.34      1        -0.8       0.74     -0.43     -0.44      0.54     -0.7       0         0         0         0         0         0         0.7      -0.2       0.3      -0.15     -0.066     0.034     0         0         0         0         0         0       
   0         1         1         0.26      0.73     -0.11      0         0         0         0         0         0         0         0         0         0         0         0         0         0         0         0.53     -0.64     -0.3       0         0         0       
   0        -1         1        -0.56      0.17     -0.66      0         0         0         0         0         0         0         0         0         0         0         0         0         0         0        -0.68     -0.55     -0.28      0         0         0       
  -1         0         1         0.016     0.7      -0.35      0         0         0         0         0         0         0         0         0         0         0         0         0         0         0         0.0063   -0.81     -0.44      0         0         0       
   1         0         1        -0.31      0.2      -0.42      0         0         0         0         0         0         0         0         0         0         0         0         0         0         0        -0.16     -0.38     -0.14      0         0         0       
   0.98     -0.19      1         0.17     -0.1       0.19      0         0         0         0         0         0         0         0         0         0         0         0         0         0         0         0         0         0        -0.031     0.024     0       
  -0.98      0.19      1        -0.2       0.00042   0.094     0         0         0         0         0         0         0         0         0         0         0         0         0         0         0         0         0         0         0.031    -0.024     0       
   0.19      0.98      1        -0.089    -0.082     0.26      0         0         0         0         0         0         0         0         0         0         0         0         0         0         0         0         0         0        -0.0083    0.0015    0       
  -0.19     -0.98      1         0.06     -0.018     0.02      0         0         0         0         0         0         0         0         0         0         0         0         0         0         0         0         0         0         0.0083   -0.0015    0       
   0         1         1         0.097     0.77      0.33      0         0         0         0         0         0         0         0         0         0         0         0         0         0         0         0         0         0         0.13     -0.87     -0.44    
   0        -1         1        -0.71      0.21     -0.21      0         0         0         0         0         0         0         0         0         0         0         0         0         0         0         0         0         0         0.86      0.13      0.071   
  -1         0         1        -0.54      0.51     -0.031     0         0         0         0         0         0         0         0         0         0         0         0         0         0         0         0         0         0         0.57     -0.33     -0.2     
   1         0         1        -0.074     0.47      0.15      0         0         0         0         0         0         0         0         0         0         0         0         0         0         0         0         0         0         0.42     -0.41     -0.17    
   0         0         0         0         0         0        -0.14     -0.0084   -0.11      0         0         0         0         0         0         0         0         0         0         0         0         0         0         0        -0.41     -0.21     -0.07    
   0         0         0         0         0         0         0         0         0        -0.52      0.11     -0.26      0.07     -0.059    -0.035    -0.63      0.16      0.31     -0.16      0.11     -0.081     0         0         0         0         0         0       

EFC_POS
  -0.0038  
  -0.0065  
  -0.006   
  -0.00021 
  -0.00021 
  -0.00021 
  -0.00021 
  -0.00015 
  -0.00015 
  -0.00015 
  -0.00015 
  -0.00026 
  -0.00026 
  -0.00026 
  -0.00026 
  -0.0002  
  -0.0002  
  -0.0002  
  -0.0002  
  -0.00018 
  -0.00018 
  -0.00018 
  -0.00018 
  -0.00022 
  -0.00022 
  -0.00022 
  -0.00022 
  -0.00035 
  -0.00035 
  -0.00035 
  -0.00035 
  -3.4e-05 
  -3.4e-05 
  -3.4e-05 
  -3.4e-05 
  -0.00028 
  -0.00028 
  -0.00028 
  -0.00028 
  -9.2e-05 
  -4.7e-05 

EFC_MARGIN
   0       
   0       
   0       
   0       
   0       
   0       
   0       
   0       
   0       
   0       
   0       
   0       
   0       
   0       
   0       
   0       
   0       
   0       
   0       
   0       
   0       
   0       
   0       
   0       
   0       
   0       
   0       
   0       
   0       
   0       
   0       
   0       
   0       
   0       
   0       
   0       
   0       
   0       
   0       
   0       
   0       

EFC_FRICTIONLOSS
   0       
   0       
   0       
   0       
   0       
   0       
   0       
   0       
   0       
   0       
   0       
   0       
   0       
   0       
   0       
   0       
   0       
   0       
   0       
   0       
   0       
   0       
   0       
   0       
   0       
   0       
   0       
   0       
   0       
   0       
   0       
   0       
   0       
   0       
   0       
   0       
   0       
   0       
   0       
   0       
   0       

EFC_DIAGAPPROX
   4.6     
   20      
   20      
   0.48    
   0.48    
   0.48    
   0.48    
   0.3     
   0.3     
   0.3     
   0.3     
   1.5     
   1.5     
   1.5     
   1.5     
   0.3     
   0.3     
   0.3     
   0.3     
   0.3     
   0.3     
   0.3     
   0.3     
   1.5     
   1.5     
   1.5     
   1.5     
   3.3     
   3.3     
   3.3     
   3.3     
   0.64    
   0.64    
   0.64    
   0.64    
   3.3     
   3.3     
   3.3     
   3.3     
   0.53    
   0.73    

EFC_KBIP
   2.6e+03   1e+02     0.29     -1.5e+02 
   2.6e+03   1e+02     0.75     -1.4e+02 
   2.6e+03   1e+02     0.67     -1.6e+02 
   3.5e+03   1.2e+02   0.9      -14      
   3.5e+03   1.2e+02   0.9      -14      
   3.5e+03   1.2e+02   0.9      -14      
   3.5e+03   1.2e+02   0.9      -14      
   3.5e+03   1.2e+02   0.9      -11      
   3.5e+03   1.2e+02   0.9      -11      
   3.5e+03   1.2e+02   0.9      -11      
   3.5e+03   1.2e+02   0.9      -11      
   3.5e+03   1.2e+02   0.9      -18      
   3.5e+03   1.2e+02   0.9      -18      
   3.5e+03   1.2e+02   0.9      -18      
   3.5e+03   1.2e+02   0.9      -18      
   3.5e+03   1.2e+02   0.9      -14      
   3.5e+03   1.2e+02   0.9      -14      
   3.5e+03   1.2e+02   0.9      -14      
   3.5e+03   1.2e+02   0.9      -14      
   3.5e+03   1.2e+02   0.9      -13      
   3.5e+03   1.2e+02   0.9      -13      
   3.5e+03   1.2e+02   0.9      -13      
   3.5e+03   1.2e+02   0.9      -13      
   3.5e+03   1.2e+02   0.9      -15      
   3.5e+03   1.2e+02   0.9      -15      
   3.5e+03   1.2e+02   0.9      -15      
   3.5e+03   1.2e+02   0.9      -15      
   3.5e+03   1.2e+02   0.9      -24      
   3.5e+03   1.2e+02   0.9      -24      
   3.5e+03   1.2e+02   0.9      -24      
   3.5e+03   1.2e+02   0.9      -24      
   3.5e+03   1.2e+02   0.9      -2.4     
   3.5e+03   1.2e+02   0.9      -2.4     
   3.5e+03   1.2e+02   0.9      -2.4     
   3.5e+03   1.2e+02   0.9      -2.4     
   3.5e+03   1.2e+02   0.9      -19      
   3.5e+03   1.2e+02   0.9      -19      
   3.5e+03   1.2e+02   0.9      -19      
   3.5e+03   1.2e+02   0.9      -19      
   4.5e+03   1.3e+02   0.9      -3.7     
   4.5e+03   1.3e+02   0.9      -1.9     

EFC_D
   0.088   
   0.15    
   0.1     
   19      
   19      
   19      
   19      
   30      
   30      
   30      
   30      
   6.3     
   6.3     
   6.3     
   6.3     
   31      
   31      
   31      
   31      
   31      
   31      
   31      
   31      
   6.3     
   6.3     
   6.3     
   6.3     
   2.9     
   2.9     
   2.9     
   2.9     
   14      
   14      
   14      
   14      
   2.8     
   2.8     
   2.8     
   2.8     
   17      
   12      

EFC_R
   11      
   6.7     
   9.7     
   0.052   
   0.052   
   0.052   
   0.052   
   0.033   
   0.033   
   0.033   
   0.033   
   0.16    
   0.16    
   0.16    
   0.16    
   0.033   
   0.033   
   0.033   
   0.033   
   0.033   
   0.033   
   0.033   
   0.033   
   0.16    
   0.16    
   0.16    
   0.16    
   0.35    
   0.35    
   0.35    
   0.35    
   0.071   
   0.071   
   0.071   
   0.071   
   0.35    
   0.35    
   0.35    
   0.35    
   0.059   
   0.081   

TEN_VELOCITY
  -0.063   
  -0.051   

ACTUATOR_VELOCITY
  -0.54    
   8       
  -1.4     
   0.15    
  -1.9     
  -11      
   2.8     
   0.79    
   0.88    
  -0.23    
   4.7     
  -12      
   0.059   
  -0.05    
   1.3     
   0.32    
  -2.6     
  -0.015   
   0.94    
  -1.5     
  -0.019   

CVEL
   0         0         0         0         0         0       
   0.05     -0.089     0.022     0.016    -0.019    -0.052   
   0.05     -0.089     0.022     0.016    -0.019    -0.052   
   0.057     0.087    -0.072    -0.0043    0.0059   -0.0071  
   0.045     0.1      -0.044    -0.0036    0.0015   -0.0042  
  -0.00029   0.023    -0.002    -0.0021   -0.001    -0.0075  
  -0.00086  -0.0037    0.021    -0.007     0.0069    0.0019  
   0.0067   -0.0014   -0.038    -0.0032   -0.033     0.0018  
  -0.05     -0.011    -0.0015   -0.0053    0.0064    0.0055  
  -0.05     -0.011    -0.00099  -0.0053    0.0066    0.0057  
  -0.066     0.028     0.047    -0.0038    0.041    -0.022   
   0.034     0.036    -0.0094    0.0093   -0.0057    0.0048  
   0.034     0.036    -0.0094    0.0093   -0.0057    0.0048  
   0.034     0.036    -0.0094    0.0093   -0.0057    0.0048  
   0.053    -0.0066   -0.011     0.018    -0.0023   -0.011   
   0.053    -0.0063   -0.012     0.017    -0.0022   -0.011   
   0.053    -0.0063   -0.012     0.017    -0.0022   -0.011   

CDOF_DOT
   0         0         0         0         0         0       
   0         0         0         0         0         0       
   0         0         0         0         0         0       
   0         0         0         0.0033    0.016    -0.0097  
  -0         0         0         0.017     0.0054    0.013   
   0         0        -0        -0.00053  -0.0087    0.0066  
   0.028     0.033     0.07     -0.00072  -0.038     0.021   
   0.02      0.021     0.041     0.032    -0.0079    0.012   
  -0.11      0.021    -0.058    -0.0066    0.00028   0.0087  
  -0.11      0.021    -0.058    -0.00032  -0.0085   -0.0057  
   0.038    -0.057    -0.087     0.0097   -0.0044    0.0028  
  -0.013    -0.00022  -0.0006    0.0065   -0.0015   -0.0016  
   0.013     0.00022   0.0006    0.00026   0.0018    0.0048  
  -0.013    -0.00022  -0.0006    0.0047   -0.0043   -0.005   
  -0.023    -0.0009   -0.004     0.0055   -0.0074    0.0038  
   0.11     -0.021     0.058     0.008    -0.0024   -0.012   
  -0.036     0.054     0.079     0.011     0.00053   0.009   
   0.0084   -0.034    -0.038    -0.0085   -0.0034   -0.0039  
  -0.0084    0.034     0.038     0.0059    0.017    -0.0095  
   0.0084   -0.034    -0.038    -0.0036   -0.029     0.02    
  -0.0099    0.036    -0.035     0.0067   -0.021    -0.027   
   0.09      0.052     0.0071    0.0053    0.014     0.04    
  -0.0048   -0.0055   -0.039    -0.012     0.014    -0.013   
  -0.0048   -0.0055   -0.039    -0.0013    0.0044   -0.0092  
  -0.07     -0.03      0.035     0.00022  -0.024     0.0097  
  -0.012    -0.042    -0.032    -0.011     0.0012   -0.031   
  -0.012    -0.042    -0.032    -0.0093   -0.0092   -0.018   

QFRC_BIAS
   0.12    
  -0.16    
   4e+02   
  -75      
   1.5e+02 
  -46      
  -43      
   1e+02   
  -48      
  -16      
   3.6     
   23      
  -6.8     
   0.74    
  -0.37    
   17      
  -6.6     
   23      
  -6.4     
   0.7     
   0.37    
  -1       
  -8       
  -2.1     
   6.6     
  -4.9     
  -1.4     

QFRC_SPRING
   0       
   0       
   0       
   0       
   0       
   0       
  -0.016   
   7.1     
   1.1     
   0.32    
   1.4     
   0.23    
   0.71    
   0.16    
   0.16    
  -1.8     
  -1.5     
  -2.4     
   0.36    
   0.14    
   0.61    
  -0.5     
  -0.073   
   0       
  -0.74    
   0.24    
   0       

QFRC_DAMPER
   0       
   0       
   0       
   0       
   0       
   0       
   0.067   
  -1       
   0.18    
  -0.019   
   0.24    
   0.45    
  -0.0071  
  -0.0079  
  -0.0088  
   0.028   
  -0.59    
   0.51    
  -0.00015 
   0.0005  
  -0.013   
  -0.0032  
   0.026   
   7.5e-05 
  -0.0094  
   0.015   
   9.7e-05 

QFRC_GRAVCOMP
   0       
   0       
   0       
   0       
   0       
   0       
   0       
   0       
   0       
   0       
   0       
   0       
   0       
   0       
   0       
   0       
   0       
   0       
   0       
   0       
   0       
   0       
   0       
   0       
   0       
   0       
   0       

QFRC_FLUID
   0       
   0       
   0       
   0       
   0       
   0       
   0       
   0       
   0       
   0       
   0       
   0       
   0       
   0       
   0       
   0       
   0       
   0       
   0       
   0       
   0       
   0       
   0       
   0       
   0       
   0       
   0       

QFRC_PASSIVE
   0       
   0       
   0       
   0       
   0       
   0       
   0.051   
   6.1     
   1.3     
   0.3     
   1.7     
   0.68    
   0.7     
   0.15    
   0.15    
  -1.8     
  -2.1     
  -1.9     
   0.36    
   0.14    
   0.6     
  -0.5     
  -0.047   
   7.5e-05 
  -0.75    
   0.25    
   9.7e-05 

EFC_VEL
   0.0057  
  -0.00038 
  -0.00049 
   0.00023 
   0.00015 
  -0.027   
   0.027   
  -0.0052  
   0.0048  
   0.00047 
  -0.0008  
  -0.0058  
   0.0058  
   0.0053  
  -0.0053  
  -0.0036  
   0.0038  
   0.0016  
  -0.0013  
  -0.0037  
   0.0036  
   0.0019  
  -0.002   
  -0.006   
   0.006   
   0.0054  
  -0.0054  
  -0.00065 
   0.00069 
  -0.0027  
   0.0028  
   0.02    
  -0.02    
   0.0015  
  -0.0017  
   0.005   
  -0.0051  
  -0.021   
   0.021   
   5.4e-05 
   0.00013 

EFC_AREF
   2.2     
   12      
   10      
   0.62    
   0.63    
   3.8     
  -2.6     
   1.1     
  -0.087   
   0.43    
   0.58    
   1.5     
   0.12    
   0.18    
   1.4     
   1       
   0.17    
   0.43    
   0.77    
   1       
   0.14    
   0.35    
   0.81    
   1.4     
  -0.016   
   0.056   
   1.3     
   1.2     
   1       
   1.4     
   0.76    
  -2.2     
   2.5     
  -0.072   
   0.31    
   0.27    
   1.5     
   3.3     
  -1.6     
   0.37    
   0.17    

SUBTREE_LINVEL
   0         0         0       
   0         0         0       
   0         0         0       
   0         0         0       
   0         0         0       
   0         0         0       
   0         0         0       
   0         0         0       
   0         0         0       
   0         0         0       
   0         0         0       
   0         0         0       
   0         0         0       
   0         0         0       
   0         0         0       
   0         0         0       
   0         0         0       

SUBTREE_ANGMOM
   0         0         0       
   0         0         0       
   0         0         0       
   0         0         0       
   0         0         0       
   0         0         0       
   0         0         0       
   0         0         0       
   0         0         0       
   0         0         0       
   0         0         0       
   0         0         0       
   0         0         0       
   0         0         0       
   0         0         0       
   0         0         0       
   0         0         0       

ACTUATOR_FORCE
   0       
   0       
   0       
   0       
   0       
   0       
   0       
   0       
   0       
   0       
   0       
   0       
   0       
   0       
   0       
   0       
   0       
   0       
   0       
   0       
   0       

QFRC_ACTUATOR
   0       
   0       
   0       
   0       
   0       
   0       
   0       
   0       
   0       
   0       
   0       
   0       
   0       
   0       
   0       
   0       
   0       
   0       
   0       
   0       
   0       
   0       
   0       
   0       
   0       
   0       
   0       

QFRC_SMOOTH
  -0.12    
   0.16    
  -4e+02   
   75      
  -1.5e+02 
   46      
   44      
  -96      
   49      
   16      
  -1.9     
  -22      
   7.5     
  -0.58    
   0.52    
  -18      
   4.5     
  -25      
   6.8     
  -0.55    
   0.23    
   0.5     
   7.9     
   2.1     
  -7.3     
   5.2     
   1.4     

QACC_SMOOTH
   2.1     
  -0.29    
  -11      
   1.4     
  -18      
   1.6     
  -26      
   43      
   14      
   15      
   50      
  -38      
  -5       
   12      
   11      
  -38      
  -87      
  -36      
  -4.3     
   1.9     
   54      
   5.1     
  -18      
  -2.4     
   7.4     
  -10      
  -11      

EFC_B
   35      
  -15      
  -21      
  -7.4     
  -9.3     
  -16      
  -0.38    
  -11      
  -11      
  -6.7     
  -15      
  -10      
  -13      
  -7.4     
  -16      
  -10      
  -8.1     
  -4.8     
  -14      
  -15      
  -12      
  -6.7     
  -20      
  -7.2     
  -14      
  -2.3     
  -19      
  -11      
  -9.3     
  -12      
  -7.9     
  -4.6     
  -15      
  -8.9     
  -11      
  -11      
  -13      
  -17      
  -6.8     
   1.1     
   1.2     

EFC_FORCE
   0.19    
   1.8     
   1       
   11      
   13      
   71      
   0       
   34      
   0       
   13      
   17      
   9.5     
   0.73    
   1.2     
   9       
   32      
   5.3     
   14      
   23      
   31      
   4.4     
   10      
   25      
   8.8     
   0.05    
   0.43    
   8.4     
   3.5     
   3       
   3.7     
   2.8     
   0       
   31      
   0       
   2.6     
   0.74    
   4.1     
   9.4     
   0       
   6.2     
   2.3     

EFC_STATE
  0
  1
  1
  1
  1
  1
  1
  1
  1
  1
  1
  1
  1
  1
  1
  1
  1
  1
  1
  1
  1
  1
  1
  1
  1
  1
  1
  1
  1
  1
  1
  1
  1
  1
  1
  1
  1
  1
  1
  0
  0

QFRC_CONSTRAINT
  -0.98    
  -1.9     
   4e+02   
  -76      
   1.5e+02 
  -46      
  -44      
   96      
  -49      
  -16      
   1.9     
   22      
  -7.4     
   0.58    
  -0.52    
   18      
  -4.5     
   25      
  -6.7     
   0.55    
  -0.23    
  -0.56    
  -8       
  -2.1     
   7.4     
  -5.2     
  -1.3     

QFRC_INVERSE
   0       
   0       
   0       
   0       
   0       
   0       
   0       
   0       
   0       
   0       
   0       
   0       
   0       
   0       
   0       
   0       
   0       
   0       
   0       
   0       
   0       
   0       
   0       
   0       
   0       
   0       
   0       

CACC
   0         0         0         0         0         0       
   0         0         0         0         0         0       
   0         0         0         0         0         0       
   0         0         0         0         0         0       
   0         0         0         0         0         0       
   0         0         0         0         0         0       
   0         0         0         0         0         0       
   0         0         0         0         0         0       
   0         0         0         0         0         0       
   0         0         0         0         0         0       
   0         0         0         0         0         0       
   0         0         0         0         0         0       
   0         0         0         0         0         0       
   0         0         0         0         0         0       
   0         0         0         0         0         0       
   0         0         0         0         0         0       
   0         0         0         0         0         0       

CFRC_INT
   0         0         0         0         0         0       
   0         0         0         0         0         0       
   0         0         0         0         0         0       
   0         0         0         0         0         0       
   0         0         0         0         0         0       
   0         0         0         0         0         0       
   0         0         0         0         0         0       
   0         0         0         0         0         0       
   0         0         0         0         0         0       
   0         0         0         0         0         0       
   0         0         0         0         0         0       
   0         0         0         0         0         0       
   0         0         0         0         0         0       
   0         0         0         0         0         0       
   0         0         0         0         0         0       
   0         0         0         0         0         0       
   0         0         0         0         0         0       

CFRC_EXT
   0         0         0         0         0         0       
   0         0         0         0         0         0       
   0         0         0         0         0         0       
   0         0         0         0         0         0       
   0         0         0         0         0         0       
   0         0         0         0         0         0       
   0         0         0         0         0         0       
   0         0         0         0         0         0       
   0         0         0         0         0         0       
   0         0         0         0         0         0       
   0         0         0         0         0         0       
   0         0         0         0         0         0       
   0         0         0         0         0         0       
   0         0         0         0         0         0       
   0         0         0         0         0         0       
   0         0         0         0         0         0       
   0         0         0         0         0         0       

TREE_ISLAND
  0

ISLAND_NTREE
  1

ISLAND_ITREEADR
  0

MAP_ITREE2TREE
  0

DOF_ISLAND            0 0 0 0 0 0 0 0 0 0 0 0 0 0 0 0 0 0 0 0 0 0 0 0 0 0 0

ISLAND_NV             27

ISLAND_IDOFADR        0

MAP_IDOF2DOF          0 1 2 3 4 5 6 7 8 9 10 11 12 13 14 15 16 17 18 19 20 21 22 23 24 25 26

EFC_ISLAND            0 0 0 0 0 0 0 0 0 0 0 0 0 0 0 0 0 0 0 0 0 0 0 0 0 0 0 0 0 0 0 0 0 0 0 0 0 0 0 0 0

ISLAND_NEFC           41

ISLAND_IEFCADR        0

MAP_IEFC2EFC          0 1 2 3 4 5 6 7 8 9 10 11 12 13 14 15 16 17 18 19 20 21 22 23 24 25 26 27 28 29 30 31 32 33 34 35 36 37 38 39 40

TENDON_EFCADR         -1 -1

